## pix  wave      b0    db0        h       dh     c      dc       g      dg      mean
    1  512.6000   1.7230   0.0960   0.0351   0.0063   0.0360   0.0450   0.2540   0.0100   0.0350
    2  518.4000   1.6260   0.0550   0.0440   0.0072   0.0360   0.0470   0.2490   0.0110   0.0420
    3  524.7000   1.6230   0.0570   0.0431   0.0070   0.0070   0.0480   0.2460   0.0110   0.0430
    4  530.4000   1.6110   0.0580   0.0431   0.0071   0.0270   0.0470   0.2470   0.0110   0.0450
    5  536.5000   1.5490   0.0380   0.0518   0.0080   0.0380   0.0470   0.2430   0.0120   0.0460
    6  542.8000   1.5350   0.0370   0.0560   0.0086   0.0150   0.0510   0.2380   0.0130   0.0480
    7  548.7000   1.5340   0.0460   0.0469   0.0075   0.0300   0.0460   0.2460   0.0110   0.0480
    8  554.5000   1.5690   0.0620   0.0417   0.0069   0.0130   0.0460   0.2470   0.0110   0.0490
    9  560.5000   1.5220   0.0450   0.0472   0.0076   0.0180   0.0470   0.2430   0.0110   0.0510
   10  566.7000   1.4840   0.0350   0.0558   0.0085   0.0040   0.0500   0.2360   0.0120   0.0520
   11  572.6000   1.4760   0.0370   0.0520   0.0081   0.0020   0.0490   0.2380   0.0120   0.0530
   12  578.5000   1.5120   0.0580   0.0427   0.0071  -0.0050   0.0470   0.2430   0.0110   0.0540
   13  584.5000   1.4660   0.0420   0.0488   0.0079  -0.0040   0.0490   0.2390   0.0110   0.0540
   14  590.6000   1.4400   0.0350   0.0589   0.0089  -0.0170   0.0520   0.2300   0.0130   0.0570
   15  596.7000   1.4250   0.0340   0.0585   0.0089  -0.0170   0.0520   0.2310   0.0120   0.0570
   16  602.5000   1.4270   0.0380   0.0505   0.0080  -0.0150   0.0490   0.2360   0.0110   0.0580
   17  608.6000   1.4140   0.0390   0.0497   0.0079  -0.0070   0.0490   0.2380   0.0110   0.0580
   18  614.6000   1.3870   0.0340   0.0540   0.0084  -0.0100   0.0490   0.2350   0.0120   0.0610
   19  620.5000   1.3790   0.0350   0.0527   0.0083  -0.0110   0.0490   0.2350   0.0110   0.0600
   20  626.7000   1.3680   0.0330   0.0540   0.0084  -0.0090   0.0480   0.2350   0.0110   0.0620
   21  632.7000   1.3590   0.0320   0.0583   0.0089  -0.0380   0.0520   0.2280   0.0120   0.0620
   22  638.6000   1.3470   0.0320   0.0565   0.0088  -0.0190   0.0500   0.2310   0.0120   0.0630
   23  644.6000   1.3470   0.0320   0.0565   0.0087  -0.0530   0.0530   0.2270   0.0120   0.0640
   24  650.6000   1.3430   0.0330   0.0545   0.0085  -0.0410   0.0520   0.2290   0.0120   0.0640
   25  656.6000   1.3330   0.0340   0.0526   0.0083  -0.0460   0.0510   0.2310   0.0110   0.0660
   26  662.6000   1.3190   0.0310   0.0570   0.0089  -0.0490   0.0530   0.2260   0.0120   0.0650
   27  668.8000   1.3150   0.0310   0.0597   0.0091  -0.0640   0.0550   0.2230   0.0120   0.0660
   28  674.7000   1.3040   0.0310   0.0594   0.0092  -0.0680   0.0550   0.2220   0.0120   0.0670
   29  680.6000   1.2950   0.0320   0.0549   0.0087  -0.0540   0.0530   0.2270   0.0120   0.0670
   30  686.7000   1.2890   0.0320   0.0542   0.0086  -0.0640   0.0530   0.2260   0.0120   0.0680
   31  692.6000   1.2820   0.0310   0.0553   0.0088  -0.0680   0.0530   0.2250   0.0120   0.0690
   32  698.6000   1.2710   0.0300   0.0585   0.0092  -0.0900   0.0560   0.2200   0.0120   0.0690
   33  704.7000   1.2660   0.0300   0.0575   0.0091  -0.0860   0.0560   0.2210   0.0120   0.0700
   34  710.8000   1.2590   0.0300   0.0579   0.0091  -0.0890   0.0560   0.2200   0.0120   0.0710
   35  716.7000   1.2500   0.0300   0.0576   0.0091  -0.0920   0.0560   0.2200   0.0120   0.0720
   36  722.7000   1.2430   0.0300   0.0575   0.0092  -0.0830   0.0560   0.2210   0.0120   0.0720
   37  728.7000   1.2320   0.0300   0.0564   0.0091  -0.0760   0.0550   0.2230   0.0120   0.0730
   38  734.7000   1.2220   0.0290   0.0600   0.0095  -0.0900   0.0550   0.2190   0.0120   0.0730
   39  740.7000   1.2210   0.0290   0.0598   0.0094  -0.1000   0.0570   0.2180   0.0120   0.0740
   40  746.8000   1.2150   0.0290   0.0586   0.0093  -0.0980   0.0560   0.2180   0.0120   0.0740
   41  752.8000   1.2110   0.0290   0.0596   0.0095  -0.1010   0.0570   0.2170   0.0120   0.0750
   42  758.7000   1.2040   0.0280   0.0597   0.0094  -0.1030   0.0570   0.2170   0.0120   0.0750
   43  764.8000   1.1910   0.0290   0.0572   0.0092  -0.0810   0.0540   0.2220   0.0120   0.0760
   44  770.7000   1.1880   0.0290   0.0568   0.0092  -0.0920   0.0550   0.2210   0.0120   0.0760
   45  776.7000   1.1830   0.0310   0.0545   0.0089  -0.0800   0.0520   0.2240   0.0110   0.0770
   46  782.7000   1.1800   0.0320   0.0540   0.0089  -0.0810   0.0530   0.2240   0.0110   0.0770
   47  788.8000   1.1750   0.0330   0.0529   0.0089  -0.0720   0.0520   0.2260   0.0110   0.0770
   48  794.7000   1.1740   0.0340   0.0525   0.0089  -0.0720   0.0520   0.2260   0.0110   0.0780
   49  800.7000   1.1610   0.0350   0.0519   0.0089  -0.0540   0.0500   0.2290   0.0110   0.0780
   50  806.8000   1.1580   0.0330   0.0533   0.0091  -0.0680   0.0520   0.2270   0.0110   0.0790
   51  812.7000   1.1520   0.0340   0.0532   0.0093  -0.0600   0.0510   0.2270   0.0110   0.0780
   52  818.7000   1.1480   0.0320   0.0541   0.0094  -0.0690   0.0520   0.2260   0.0110   0.0800
   53  824.8000   1.1580   0.0420   0.0489   0.0089  -0.0440   0.0500   0.2310   0.0110   0.0790
   54  830.8000   1.1530   0.0400   0.0501   0.0091  -0.0580   0.0510   0.2290   0.0110   0.0800
   55  836.8000   1.1590   0.0510   0.0458   0.0088  -0.0250   0.0480   0.2360   0.0110   0.0800
   56  842.8000   1.1540   0.0470   0.0473   0.0090  -0.0400   0.0500   0.2330   0.0110   0.0800
   57  848.8000   1.1260   0.0370   0.0527   0.0100  -0.0420   0.0530   0.2300   0.0120   0.0800
   58  854.6000   1.1430   0.0480   0.0475   0.0092  -0.0460   0.0520   0.2330   0.0110   0.0830
   59  860.7000   1.1510   0.0590   0.0438   0.0090  -0.0070   0.0480   0.2390   0.0110   0.0800
   60  866.7000   1.1350   0.0480   0.0478   0.0096  -0.0420   0.0530   0.2330   0.0110   0.0840
   61  872.7000   1.1450   0.0620   0.0433   0.0092  -0.0090   0.0500   0.2390   0.0110   0.0810
   62  878.7000   1.1620   0.0740   0.0404   0.0090   0.0030   0.0490   0.2420   0.0110   0.0820
   63  884.6000   1.1550   0.0750   0.0406   0.0092   0.0020   0.0490   0.2420   0.0110   0.0830
   64  890.7000   1.1290   0.0610   0.0444   0.0098  -0.0030   0.0510   0.2390   0.0110   0.0820
   65  896.6000   1.1260   0.0600   0.0450   0.0101  -0.0100   0.0530   0.2370   0.0120   0.0830
   66  902.7000   1.1370   0.0650   0.0438   0.0099  -0.0120   0.0540   0.2370   0.0120   0.0840
   67  908.7000   1.1490   0.0760   0.0412   0.0097   0.0010   0.0520   0.2400   0.0120   0.0850
   68  914.6000   1.1290   0.0640   0.0446   0.0103  -0.0080   0.0550   0.2360   0.0120   0.0840
   69  920.6000   1.1430   0.0740   0.0418   0.0099   0.0060   0.0530   0.2400   0.0120   0.0860
   70  926.6000   1.1390   0.0750   0.0417   0.0100   0.0130   0.0520   0.2400   0.0120   0.0860
   71  932.6000   1.1410   0.0710   0.0431   0.0103  -0.0090   0.0560   0.2360   0.0120   0.0870
   72  938.6000   1.1240   0.0670   0.0442   0.0106   0.0030   0.0550   0.2370   0.0120   0.0880
   73  944.6000   1.1240   0.0710   0.0433   0.0106   0.0030   0.0550   0.2380   0.0120   0.0880
   94  955.4000   1.0990   0.0570   0.0476   0.0114   0.0110   0.0560   0.2360   0.0130   0.0900
   95  963.5000   1.0880   0.0610   0.0464   0.0114  -0.0170   0.0580   0.2350   0.0130   0.0910
   96  971.4000   1.1340   0.0940   0.0388   0.0103   0.0360   0.0520   0.2460   0.0120   0.0910
   97  979.7000   1.1260   0.0850   0.0405   0.0105  -0.0530   0.0600   0.2340   0.0120   0.0920
   98  987.6000   1.1970   0.1420   0.0317   0.0093   0.0810   0.0460   0.2550   0.0110   0.0940
   99  993.7000   1.0680   0.0420   0.0539   0.0126  -0.0830   0.0700   0.2200   0.0150   0.0940
  100 1003.6000   1.0710   0.0000   0.0513   0.0000  -0.0610   0.0000   0.2240   0.0000   0.0000
  101 1013.1000   1.0740   0.0540   0.0488   0.0118  -0.0400   0.0630   0.2270   0.0140   0.0970
  102 1019.5000   1.0620   0.0550   0.0484   0.0119  -0.0380   0.0620   0.2290   0.0130   0.0980
  103 1027.7000   1.0460   0.0440   0.0528   0.0126  -0.0780   0.0680   0.2220   0.0140   0.0980
  104 1035.5000   1.0460   0.0500   0.0501   0.0122  -0.0260   0.0620   0.2280   0.0140   0.0990
  105 1043.6000   1.0450   0.0380   0.0561   0.0128  -0.1680   0.0800   0.2100   0.0150   0.1000
  106 1051.7000   1.0360   0.0430   0.0528   0.0123  -0.0660   0.0650   0.2220   0.0140   0.1010
  107 1059.7000   1.0130   0.0370   0.0563   0.0131  -0.0630   0.0660   0.2200   0.0140   0.1020
  108 1067.8000   1.0180   0.0360   0.0567   0.0130  -0.1420   0.0770   0.2110   0.0150   0.1030
  109 1075.8000   1.0010   0.0440   0.0521   0.0124  -0.0460   0.0610   0.2240   0.0130   0.1030
  110 1083.6000   1.0020   0.0310   0.0638   0.0140  -0.1910   0.0860   0.2010   0.0160   0.1050
  111 1091.8000   0.9920   0.0310   0.0627   0.0138  -0.1500   0.0780   0.2060   0.0150   0.1070
  112 1099.7000   0.9760   0.0360   0.0562   0.0129  -0.0680   0.0650   0.2180   0.0140   0.1090
  113 1107.7000   0.9590   0.0320   0.0590   0.0133  -0.0710   0.0640   0.2180   0.0140   0.1080
  114 1115.9000   0.9870   0.0320   0.0703   0.0146  -0.2610   0.0950   0.1900   0.0170   0.1110
  115 1123.8000   0.9740   0.0470   0.0501   0.0116  -0.0680   0.0600   0.2210   0.0130   0.1110
  116 1131.8000   0.9650   0.0370   0.0545   0.0121  -0.1440   0.0700   0.2100   0.0130   0.1110
  117 1139.7000   0.9480   0.0290   0.0621   0.0134  -0.1510   0.0730   0.2050   0.0140   0.1110
  118 1147.8000   0.9400   0.0330   0.0578   0.0129  -0.1240   0.0680   0.2110   0.0140   0.1120
  119 1155.7000   0.9300   0.0320   0.0581   0.0129  -0.1260   0.0680   0.2110   0.0140   0.1120
  120 1163.8000   0.9290   0.0320   0.0583   0.0130  -0.1340   0.0700   0.2080   0.0140   0.1140
  121 1171.8000   0.9120   0.0400   0.0534   0.0125  -0.0960   0.0630   0.2170   0.0130   0.1130
  122 1179.8000   0.9190   0.0320   0.0576   0.0128  -0.1480   0.0700   0.2080   0.0140   0.1160
  123 1187.8000   0.9050   0.0310   0.0588   0.0133  -0.1330   0.0690   0.2090   0.0140   0.1170
  124 1195.8000   0.9140   0.0370   0.0549   0.0126  -0.1290   0.0670   0.2110   0.0130   0.1180
  125 1203.9000   0.9000   0.0330   0.0575   0.0131  -0.1500   0.0710   0.2070   0.0140   0.1180
  126 1211.9000   0.8970   0.0310   0.0588   0.0134  -0.1600   0.0730   0.2050   0.0140   0.1200
  127 1219.8000   0.8880   0.0280   0.0645   0.0144  -0.2040   0.0810   0.1980   0.0150   0.1190
  128 1227.9000   0.8880   0.0400   0.0534   0.0128  -0.1190   0.0670   0.2120   0.0130   0.1200
  129 1235.9000   0.8860   0.0330   0.0580   0.0134  -0.1800   0.0760   0.2030   0.0140   0.1210
  130 1244.0000   0.8740   0.0380   0.0546   0.0131  -0.1310   0.0680   0.2110   0.0130   0.1220
  131 1252.0000   0.8770   0.0330   0.0580   0.0135  -0.2210   0.0810   0.1980   0.0140   0.1220
  132 1259.8000   0.8650   0.0490   0.0495   0.0126  -0.0740   0.0600   0.2180   0.0120   0.1230
  133 1267.8000   0.8610   0.0280   0.0626   0.0145  -0.2130   0.0820   0.1950   0.0150   0.1240
  134 1275.9000   0.8460   0.0300   0.0603   0.0143  -0.1460   0.0720   0.2040   0.0140   0.1230
  135 1284.2000   0.8530   0.0270   0.0677   0.0155  -0.2200   0.0850   0.1920   0.0160   0.1290
  136 1292.0000   0.8710   0.0640   0.0444   0.0118  -0.0670   0.0570   0.2210   0.0120   0.1270
  137 1299.8000   0.8400   0.0310   0.0596   0.0143  -0.1760   0.0770   0.2000   0.0140   0.1280
  138 1307.8000   0.8330   0.0270   0.0651   0.0153  -0.2190   0.0830   0.1940   0.0150   0.1280
  139 1315.9000   0.8260   0.0310   0.0593   0.0144  -0.1640   0.0740   0.2020   0.0140   0.1300
  140 1323.8000   0.8250   0.0280   0.0627   0.0149  -0.2000   0.0800   0.1960   0.0150   0.1290
  141 1331.8000   0.8200   0.0290   0.0615   0.0148  -0.1980   0.0800   0.1970   0.0150   0.1300
  142 1339.8000   0.8170   0.0310   0.0600   0.0146  -0.1920   0.0780   0.1980   0.0140   0.1300
  143 1347.8000   0.8060   0.0320   0.0585   0.0145  -0.1590   0.0730   0.2030   0.0140   0.1310
  144 1355.8000   0.8100   0.0270   0.0654   0.0156  -0.2430   0.0890   0.1890   0.0160   0.1320
  145 1363.8000   0.8040   0.0320   0.0587   0.0146  -0.1840   0.0780   0.1990   0.0140   0.1330
  146 1371.8000   0.8040   0.0290   0.0620   0.0151  -0.2230   0.0840   0.1920   0.0150   0.1340
  147 1379.8000   0.8000   0.0320   0.0585   0.0145  -0.1960   0.0790   0.1970   0.0140   0.1350
  148 1387.8000   0.7940   0.0290   0.0622   0.0153  -0.2280   0.0860   0.1910   0.0150   0.1350
  149 1395.9000   0.7860   0.0330   0.0583   0.0148  -0.1830   0.0780   0.1980   0.0140   0.1350
  150 1403.8000   0.7830   0.0320   0.0589   0.0149  -0.1860   0.0770   0.1970   0.0140   0.1380
  151 1411.8000   0.7850   0.0300   0.0607   0.0151  -0.2330   0.0850   0.1910   0.0150   0.1390
  152 1419.8000   0.7800   0.0320   0.0593   0.0150  -0.2170   0.0820   0.1930   0.0150   0.1390
  153 1427.9000   0.7760   0.0260   0.0654   0.0161  -0.2670   0.0930   0.1860   0.0160   0.1420
  154 1435.7000   0.7670   0.0280   0.0625   0.0158  -0.2050   0.0820   0.1930   0.0150   0.1400
  155 1443.8000   0.7570   0.0260   0.0663   0.0166  -0.2140   0.0840   0.1920   0.0150   0.1430
  156 1451.9000   0.7910   0.0270   0.0731   0.0172  -0.3750   0.1230   0.1660   0.0190   0.1430
  157 1459.8000   0.7470   0.0250   0.0676   0.0171  -0.2020   0.0820   0.1930   0.0150   0.1430
  158 1467.8000   0.7580   0.0290   0.0616   0.0158  -0.2050   0.0820   0.1920   0.0150   0.1460
  159 1475.8000   0.7570   0.0270   0.0635   0.0161  -0.2390   0.0880   0.1880   0.0150   0.1470
  160 1483.9000   0.7540   0.0260   0.0721   0.0177  -0.2780   0.0980   0.1790   0.0170   0.1440
  161 1491.8000   0.7490   0.0350   0.0569   0.0151  -0.1740   0.0760   0.1970   0.0140   0.1450
  162 1499.8000   0.7420   0.0260   0.0657   0.0168  -0.2510   0.0910   0.1850   0.0160   0.1450
  163 1507.8000   0.7330   0.0250   0.0677   0.0175  -0.2160   0.0880   0.1880   0.0160   0.1490
  164 1515.7000   0.7320   0.0310   0.0602   0.0161  -0.1990   0.0810   0.1920   0.0150   0.1470
  165 1523.8000   0.7260   0.0250   0.0694   0.0179  -0.2500   0.0940   0.1830   0.0160   0.1480
  166 1531.7000   0.7190   0.0250   0.0722   0.0188  -0.2400   0.0940   0.1820   0.0170   0.1480
  167 1539.7000   0.7280   0.0260   0.0736   0.0188  -0.3070   0.1070   0.1740   0.0180   0.1500
  168 1547.7000   0.7140   0.0260   0.0667   0.0177  -0.2200   0.0890   0.1860   0.0160   0.1490
  169 1555.5000   0.7130   0.0270   0.0648   0.0173  -0.2200   0.0870   0.1870   0.0160   0.1510
  170 1563.7000   0.7100   0.0290   0.0625   0.0170  -0.2110   0.0860   0.1890   0.0150   0.1500
  171 1571.7000   0.7090   0.0260   0.0665   0.0178  -0.2290   0.0890   0.1840   0.0160   0.1500
  172 1579.6000   0.7100   0.0260   0.0742   0.0194  -0.2610   0.1000   0.1760   0.0180   0.1520
  173 1587.7000   0.7060   0.0250   0.0726   0.0191  -0.2690   0.1000   0.1770   0.0170   0.1550
  174 1595.7000   0.7070   0.0280   0.0783   0.0204  -0.2740   0.1050   0.1730   0.0180   0.1530
  175 1603.7000   0.6990   0.0300   0.0621   0.0172  -0.1570   0.0780   0.1920   0.0150   0.1540
  176 1611.7000   0.7040   0.0250   0.0700   0.0188  -0.2350   0.0950   0.1800   0.0170   0.1550
  177 1620.1000   0.7060   0.0300   0.0809   0.0213  -0.2270   0.0970   0.1760   0.0180   0.1560
  178 1628.1000   0.7020   0.0280   0.0782   0.0208  -0.2090   0.0940   0.1790   0.0180   0.1550
  179 1636.1000   0.7130   0.0290   0.0637   0.0176  -0.1840   0.0870   0.1870   0.0160   0.1590
  180 1644.2000   0.7100   0.0260   0.0732   0.0196  -0.2060   0.0930   0.1800   0.0170   0.1600
