## pix  wave      b0    db0        h       dh     c      dc       g      dg      mean
    1  512.6000   1.1910   0.0470   0.0727   0.0105  -0.0980   0.0650   0.2280   0.0140   0.0520
    2  518.4000   1.2110   0.0530   0.0764   0.0106  -0.0860   0.0620   0.2290   0.0140   0.0620
    3  524.7000   1.2010   0.0520   0.0764   0.0105  -0.1110   0.0650   0.2270   0.0140   0.0640
    4  530.4000   1.1840   0.0480   0.0743   0.0105  -0.0890   0.0620   0.2300   0.0130   0.0660
    5  536.5000   1.2020   0.0560   0.0793   0.0110  -0.0750   0.0610   0.2280   0.0140   0.0680
    6  542.8000   1.1980   0.0550   0.0791   0.0108  -0.0860   0.0620   0.2270   0.0140   0.0700
    7  548.7000   1.1680   0.0500   0.0771   0.0107  -0.1000   0.0620   0.2270   0.0130   0.0710
    8  554.5000   1.1590   0.0500   0.0774   0.0108  -0.1160   0.0640   0.2250   0.0140   0.0730
    9  560.5000   1.1680   0.0540   0.0797   0.0110  -0.1080   0.0640   0.2230   0.0140   0.0760
   10  566.7000   1.1530   0.0490   0.0776   0.0106  -0.0860   0.0600   0.2280   0.0130   0.0770
   11  572.6000   1.1450   0.0510   0.0789   0.0109  -0.0940   0.0620   0.2260   0.0140   0.0780
   12  578.5000   1.1210   0.0440   0.0756   0.0107  -0.1310   0.0650   0.2240   0.0130   0.0800
   13  584.5000   1.1270   0.0480   0.0779   0.0109  -0.1150   0.0640   0.2230   0.0140   0.0800
   14  590.6000   1.1380   0.0520   0.0803   0.0110  -0.1060   0.0630   0.2230   0.0140   0.0840
   15  596.7000   1.1360   0.0540   0.0823   0.0113  -0.1160   0.0630   0.2200   0.0140   0.0840
   16  602.5000   1.1250   0.0520   0.0818   0.0112  -0.1450   0.0670   0.2170   0.0140   0.0850
   17  608.6000   1.1110   0.0500   0.0815   0.0111  -0.1510   0.0670   0.2170   0.0140   0.0860
   18  614.6000   1.0980   0.0470   0.0799   0.0109  -0.1420   0.0650   0.2190   0.0130   0.0900
   19  620.5000   1.1040   0.0510   0.0825   0.0113  -0.1440   0.0670   0.2160   0.0140   0.0880
   20  626.7000   1.1040   0.0510   0.0827   0.0113  -0.1610   0.0680   0.2140   0.0140   0.0910
   21  632.7000   1.0970   0.0510   0.0832   0.0114  -0.1620   0.0680   0.2140   0.0140   0.0920
   22  638.6000   1.0920   0.0530   0.0850   0.0117  -0.1610   0.0680   0.2130   0.0140   0.0920
   23  644.6000   1.0870   0.0530   0.0850   0.0117  -0.1830   0.0710   0.2100   0.0140   0.0940
   24  650.6000   1.0740   0.0510   0.0840   0.0116  -0.1600   0.0680   0.2130   0.0140   0.0930
   25  656.6000   1.0710   0.0520   0.0855   0.0119  -0.1980   0.0730   0.2090   0.0140   0.0980
   26  662.6000   1.0550   0.0470   0.0824   0.0116  -0.1670   0.0690   0.2130   0.0140   0.0950
   27  668.8000   1.0580   0.0490   0.0836   0.0116  -0.1770   0.0700   0.2110   0.0140   0.0970
   28  674.7000   1.0460   0.0460   0.0824   0.0114  -0.1830   0.0690   0.2110   0.0140   0.0980
   29  680.6000   1.0390   0.0470   0.0836   0.0117  -0.1950   0.0710   0.2090   0.0140   0.0990
   30  686.7000   1.0310   0.0450   0.0823   0.0116  -0.1960   0.0720   0.2090   0.0140   0.1000
   31  692.6000   1.0280   0.0450   0.0830   0.0116  -0.1970   0.0700   0.2090   0.0140   0.1010
   32  698.6000   1.0350   0.0490   0.0862   0.0120  -0.2280   0.0750   0.2040   0.0140   0.1020
   33  704.7000   1.0290   0.0490   0.0861   0.0120  -0.2280   0.0750   0.2040   0.0140   0.1020
   34  710.8000   1.0280   0.0500   0.0874   0.0121  -0.2420   0.0770   0.2010   0.0140   0.1040
   35  716.7000   1.0210   0.0490   0.0874   0.0122  -0.2400   0.0770   0.2010   0.0140   0.1060
   36  722.7000   1.0220   0.0510   0.0886   0.0124  -0.2350   0.0770   0.2010   0.0150   0.1050
   37  728.7000   1.0230   0.0530   0.0908   0.0125  -0.2500   0.0790   0.1980   0.0150   0.1070
   38  734.7000   1.0260   0.0560   0.0930   0.0129  -0.2460   0.0790   0.1970   0.0150   0.1070
   39  740.7000   1.0180   0.0540   0.0919   0.0127  -0.2630   0.0810   0.1960   0.0150   0.1090
   40  746.8000   1.0030   0.0510   0.0903   0.0125  -0.2470   0.0780   0.1980   0.0140   0.1090
   41  752.8000   0.9970   0.0490   0.0892   0.0123  -0.2530   0.0780   0.1990   0.0140   0.1090
   42  758.7000   0.9800   0.0450   0.0870   0.0120  -0.2360   0.0740   0.2020   0.0140   0.1100
   43  764.8000   0.9790   0.0470   0.0881   0.0122  -0.2380   0.0750   0.2010   0.0140   0.1110
   44  770.7000   0.9780   0.0480   0.0898   0.0124  -0.2410   0.0750   0.2000   0.0140   0.1110
   45  776.7000   0.9780   0.0490   0.0903   0.0126  -0.2580   0.0780   0.1980   0.0140   0.1120
   46  782.7000   0.9650   0.0470   0.0891   0.0125  -0.2420   0.0750   0.2000   0.0140   0.1130
   47  788.8000   0.9570   0.0460   0.0887   0.0124  -0.2410   0.0730   0.2010   0.0140   0.1130
   48  794.7000   0.9590   0.0470   0.0901   0.0125  -0.2480   0.0740   0.2000   0.0140   0.1150
   49  800.7000   0.9400   0.0420   0.0866   0.0122  -0.2230   0.0700   0.2040   0.0130   0.1150
   50  806.8000   0.9380   0.0420   0.0866   0.0122  -0.2300   0.0710   0.2040   0.0130   0.1160
   51  812.7000   0.9390   0.0440   0.0884   0.0125  -0.2290   0.0710   0.2030   0.0130   0.1150
   52  818.7000   0.9370   0.0460   0.0906   0.0128  -0.2340   0.0720   0.2020   0.0140   0.1170
   53  824.8000   0.9270   0.0420   0.0873   0.0124  -0.2210   0.0700   0.2040   0.0130   0.1170
   54  830.8000   0.9130   0.0390   0.0848   0.0122  -0.2060   0.0680   0.2070   0.0130   0.1170
   55  836.8000   0.9160   0.0390   0.0846   0.0120  -0.2160   0.0690   0.2060   0.0130   0.1180
   56  842.8000   0.9170   0.0420   0.0870   0.0124  -0.2200   0.0700   0.2040   0.0130   0.1180
   57  848.8000   0.9190   0.0420   0.0872   0.0123  -0.2120   0.0690   0.2050   0.0130   0.1190
   58  854.6000   0.9160   0.0410   0.0864   0.0123  -0.2410   0.0730   0.2020   0.0130   0.1220
   59  860.7000   0.9220   0.0440   0.0894   0.0128  -0.2330   0.0730   0.2000   0.0140   0.1180
   60  866.7000   0.9170   0.0450   0.0897   0.0129  -0.2350   0.0730   0.2010   0.0140   0.1240
   61  872.7000   0.9090   0.0420   0.0881   0.0127  -0.2340   0.0730   0.2010   0.0140   0.1200
   62  878.7000   0.9120   0.0430   0.0883   0.0128  -0.2320   0.0740   0.2010   0.0140   0.1220
   63  884.6000   0.9010   0.0420   0.0874   0.0128  -0.2120   0.0710   0.2030   0.0140   0.1230
   64  890.7000   0.9110   0.0430   0.0882   0.0128  -0.2330   0.0740   0.2000   0.0140   0.1220
   65  896.6000   0.9060   0.0450   0.0900   0.0133  -0.2130   0.0730   0.2010   0.0140   0.1230
   66  902.7000   0.9180   0.0490   0.0930   0.0137  -0.2250   0.0750   0.1980   0.0140   0.1250
   67  908.7000   0.9080   0.0460   0.0904   0.0134  -0.2140   0.0740   0.2000   0.0140   0.1260
   68  914.6000   0.9050   0.0470   0.0911   0.0136  -0.1990   0.0730   0.2010   0.0140   0.1260
   69  920.6000   0.8980   0.0440   0.0890   0.0132  -0.2050   0.0710   0.2020   0.0140   0.1280
   70  926.6000   0.8970   0.0460   0.0905   0.0136  -0.1910   0.0710   0.2020   0.0140   0.1280
   71  932.6000   0.8980   0.0470   0.0912   0.0138  -0.1980   0.0720   0.2010   0.0140   0.1300
   72  938.6000   0.8920   0.0450   0.0903   0.0136  -0.1840   0.0700   0.2020   0.0140   0.1320
   73  944.6000   0.8980   0.0470   0.0921   0.0139  -0.1900   0.0710   0.2000   0.0140   0.1320
   94  955.4000   0.8830   0.0410   0.0871   0.0131  -0.1650   0.0670   0.2050   0.0130   0.1350
   95  963.5000   0.8780   0.0430   0.0890   0.0134  -0.1880   0.0690   0.2030   0.0140   0.1360
   96  971.4000   0.8670   0.0410   0.0880   0.0134  -0.1540   0.0650   0.2070   0.0130   0.1370
   97  979.7000   0.8810   0.0440   0.0914   0.0135  -0.2250   0.0730   0.1980   0.0140   0.1380
   98  987.6000   0.8530   0.0380   0.0860   0.0131  -0.1290   0.0610   0.2100   0.0130   0.1400
   99  993.7000   0.8890   0.0510   0.0975   0.0145  -0.2250   0.0760   0.1930   0.0150   0.1400
  100 1003.6000   0.8810   0.0000   0.0963   0.0000  -0.2110   0.0000   0.1950   0.0000   0.0000
  101 1013.1000   0.8740   0.0480   0.0952   0.0142  -0.1990   0.0720   0.1960   0.0140   0.1450
  102 1019.5000   0.8460   0.0400   0.0892   0.0134  -0.2020   0.0690   0.2000   0.0130   0.1450
  103 1027.7000   0.8670   0.0490   0.0978   0.0146  -0.2390   0.0770   0.1910   0.0150   0.1450
  104 1035.5000   0.8510   0.0460   0.0949   0.0144  -0.1870   0.0700   0.1980   0.0140   0.1470
  105 1043.6000   0.8660   0.0510   0.1000   0.0149  -0.2920   0.0850   0.1850   0.0150   0.1490
  106 1051.7000   0.8430   0.0450   0.0949   0.0142  -0.2060   0.0710   0.1960   0.0140   0.1490
  107 1059.7000   0.8660   0.0550   0.1036   0.0156  -0.2200   0.0750   0.1890   0.0150   0.1500
  108 1067.8000   0.8550   0.0510   0.1015   0.0152  -0.2810   0.0830   0.1850   0.0150   0.1520
  109 1075.8000   0.8420   0.0500   0.1008   0.0152  -0.2240   0.0750   0.1910   0.0150   0.1520
  110 1083.6000   0.8380   0.0500   0.1017   0.0153  -0.2730   0.0800   0.1860   0.0150   0.1540
  111 1091.8000   0.8210   0.0450   0.0971   0.0147  -0.2330   0.0740   0.1920   0.0140   0.1560
  112 1099.7000   0.8260   0.0490   0.1013   0.0155  -0.2080   0.0720   0.1920   0.0140   0.1590
  113 1107.7000   0.8010   0.0430   0.0959   0.0148  -0.1940   0.0680   0.1970   0.0140   0.1580
  114 1115.9000   0.8140   0.0470   0.1000   0.0153  -0.2750   0.0800   0.1860   0.0150   0.1610
  115 1123.8000   0.8150   0.0500   0.1026   0.0159  -0.2350   0.0760   0.1880   0.0150   0.1620
  116 1131.8000   0.8230   0.0540   0.1069   0.0165  -0.2970   0.0860   0.1800   0.0160   0.1610
  117 1139.7000   0.8140   0.0540   0.1071   0.0167  -0.2550   0.0790   0.1840   0.0150   0.1620
  118 1147.8000   0.8140   0.0530   0.1072   0.0166  -0.2740   0.0820   0.1820   0.0150   0.1620
  119 1155.7000   0.7980   0.0500   0.1041   0.0163  -0.2620   0.0780   0.1860   0.0150   0.1620
  120 1163.8000   0.8150   0.0560   0.1102   0.0172  -0.2840   0.0840   0.1790   0.0160   0.1650
  121 1171.8000   0.8000   0.0530   0.1074   0.0170  -0.2700   0.0820   0.1820   0.0150   0.1640
  122 1179.8000   0.7930   0.0520   0.1068   0.0169  -0.2800   0.0830   0.1820   0.0150   0.1670
  123 1187.8000   0.7860   0.0490   0.1043   0.0165  -0.2610   0.0790   0.1840   0.0150   0.1690
  124 1195.8000   0.7920   0.0540   0.1088   0.0173  -0.2790   0.0830   0.1810   0.0160   0.1700
  125 1203.9000   0.7750   0.0470   0.1032   0.0164  -0.2710   0.0800   0.1840   0.0150   0.1710
  126 1211.9000   0.7930   0.0570   0.1119   0.0180  -0.2850   0.0870   0.1780   0.0160   0.1730
  127 1219.8000   0.7810   0.0510   0.1073   0.0171  -0.2980   0.0860   0.1790   0.0160   0.1710
  128 1227.9000   0.7670   0.0490   0.1052   0.0169  -0.2600   0.0790   0.1840   0.0150   0.1730
  129 1235.9000   0.7610   0.0480   0.1048   0.0171  -0.2690   0.0820   0.1830   0.0150   0.1730
  130 1244.0000   0.7490   0.0450   0.1019   0.0166  -0.2500   0.0770   0.1860   0.0140   0.1750
  131 1252.0000   0.7730   0.0560   0.1120   0.0184  -0.3130   0.0920   0.1750   0.0160   0.1750
  132 1259.8000   0.7730   0.0570   0.1131   0.0186  -0.2840   0.0880   0.1760   0.0160   0.1760
  133 1267.8000   0.7490   0.0490   0.1065   0.0176  -0.2620   0.0810   0.1810   0.0150   0.1780
  134 1275.9000   0.7660   0.0550   0.1120   0.0183  -0.2820   0.0860   0.1760   0.0160   0.1760
  135 1284.2000   0.7570   0.0520   0.1096   0.0180  -0.2710   0.0840   0.1780   0.0160   0.1840
  136 1292.0000   0.7640   0.0570   0.1143   0.0189  -0.2800   0.0860   0.1760   0.0160   0.1810
  137 1299.8000   0.7450   0.0510   0.1091   0.0182  -0.2740   0.0850   0.1790   0.0160   0.1830
  138 1307.8000   0.7300   0.0460   0.1051   0.0175  -0.2610   0.0810   0.1820   0.0150   0.1830
  139 1315.9000   0.7240   0.0450   0.1047   0.0174  -0.2560   0.0790   0.1820   0.0150   0.1860
  140 1323.8000   0.7380   0.0520   0.1106   0.0186  -0.2810   0.0860   0.1770   0.0160   0.1830
  141 1331.8000   0.7270   0.0470   0.1071   0.0179  -0.2740   0.0830   0.1790   0.0150   0.1840
  142 1339.8000   0.7180   0.0460   0.1060   0.0179  -0.2590   0.0810   0.1810   0.0150   0.1850
  143 1347.8000   0.7160   0.0460   0.1062   0.0179  -0.2580   0.0800   0.1810   0.0150   0.1850
  144 1355.8000   0.7140   0.0470   0.1074   0.0182  -0.2710   0.0830   0.1790   0.0150   0.1880
  145 1363.8000   0.7180   0.0490   0.1090   0.0185  -0.2740   0.0840   0.1770   0.0150   0.1880
  146 1371.8000   0.7100   0.0470   0.1078   0.0184  -0.2630   0.0820   0.1790   0.0150   0.1900
  147 1379.8000   0.7070   0.0480   0.1085   0.0186  -0.2660   0.0820   0.1790   0.0150   0.1910
  148 1387.8000   0.7080   0.0480   0.1093   0.0188  -0.2710   0.0830   0.1770   0.0160   0.1910
  149 1395.9000   0.7050   0.0480   0.1096   0.0189  -0.2680   0.0830   0.1770   0.0150   0.1910
  150 1403.8000   0.7290   0.0580   0.1191   0.0205  -0.3010   0.0920   0.1690   0.0170   0.1950
  151 1411.8000   0.7060   0.0510   0.1125   0.0195  -0.2830   0.0870   0.1750   0.0160   0.1970
  152 1419.8000   0.7130   0.0540   0.1157   0.0201  -0.2820   0.0880   0.1730   0.0160   0.1960
  153 1427.9000   0.6960   0.0490   0.1105   0.0192  -0.2840   0.0860   0.1760   0.0160   0.2000
  154 1435.7000   0.7170   0.0580   0.1188   0.0209  -0.2800   0.0900   0.1710   0.0170   0.1980
  155 1443.8000   0.6940   0.0490   0.1114   0.0195  -0.2890   0.0870   0.1750   0.0160   0.2010
  156 1451.9000   0.7550   0.0720   0.1316   0.0232  -0.3300   0.1060   0.1580   0.0190   0.2010
  157 1459.8000   0.6780   0.0440   0.1055   0.0186  -0.2430   0.0790   0.1810   0.0150   0.2010
  158 1467.8000   0.7240   0.0620   0.1234   0.0220  -0.2980   0.0950   0.1660   0.0180   0.2050
  159 1475.8000   0.7020   0.0550   0.1173   0.0208  -0.2890   0.0900   0.1710   0.0170   0.2060
  160 1483.9000   0.6970   0.0540   0.1167   0.0208  -0.2730   0.0880   0.1720   0.0170   0.2020
  161 1491.8000   0.7270   0.0660   0.1269   0.0227  -0.3040   0.0970   0.1630   0.0180   0.2040
  162 1499.8000   0.7140   0.0620   0.1238   0.0222  -0.3080   0.0970   0.1640   0.0180   0.2030
  163 1507.8000   0.7080   0.0590   0.1212   0.0217  -0.2930   0.0940   0.1660   0.0180   0.2080
  164 1515.7000   0.7200   0.0670   0.1292   0.0235  -0.3060   0.0990   0.1620   0.0190   0.2060
  165 1523.8000   0.7140   0.0660   0.1284   0.0234  -0.3170   0.1010   0.1610   0.0190   0.2070
  166 1531.7000   0.6920   0.0590   0.1216   0.0223  -0.2740   0.0920   0.1680   0.0180   0.2070
  167 1539.7000   0.7140   0.0680   0.1310   0.0240  -0.3380   0.1060   0.1580   0.0190   0.2090
  168 1547.7000   0.6920   0.0610   0.1237   0.0229  -0.2910   0.0960   0.1650   0.0180   0.2090
  169 1555.5000   0.6960   0.0620   0.1254   0.0231  -0.3040   0.0980   0.1630   0.0180   0.2110
  170 1563.7000   0.7080   0.0680   0.1309   0.0244  -0.3300   0.1060   0.1580   0.0190   0.2100
  171 1571.7000   0.7110   0.0700   0.1326   0.0248  -0.3430   0.1100   0.1560   0.0200   0.2100
  172 1579.6000   0.7360   0.0830   0.1427   0.0271  -0.3490   0.1180   0.1500   0.0210   0.2120
  173 1587.7000   0.7190   0.0740   0.1354   0.0255  -0.3540   0.1170   0.1530   0.0210   0.2170
  174 1595.7000   0.7450   0.0870   0.1446   0.0278  -0.3560   0.1240   0.1480   0.0220   0.2140
  175 1603.7000   0.7340   0.0810   0.1410   0.0269  -0.3480   0.1180   0.1510   0.0210   0.2150
  176 1611.7000   0.7620   0.0910   0.1471   0.0282  -0.3950   0.1390   0.1420   0.0240   0.2170
  177 1620.1000   0.7720   0.0960   0.1506   0.0291  -0.3850   0.1370   0.1420   0.0240   0.2190
  178 1628.1000   0.7690   0.0920   0.1476   0.0282  -0.4090   0.1450   0.1400   0.0240   0.2170
  179 1636.1000   0.7530   0.0870   0.1424   0.0275  -0.3800   0.1340   0.1450   0.0230   0.2220
  180 1644.2000   0.7270   0.0760   0.1350   0.0258  -0.3430   0.1170   0.1520   0.0210   0.2240
