## pix  wave      b0    db0        h       dh     c      dc       g      dg      mean
    1  512.6000   1.7430   0.0410   0.0552   0.0078   0.0450   0.0500   0.2410   0.0130   0.0250
    2  518.4000   1.7960   0.0620   0.0660   0.0083   0.0020   0.0540   0.2260   0.0140   0.0300
    3  524.7000   1.7900   0.0560   0.0642   0.0078   0.0070   0.0510   0.2280   0.0140   0.0310
    4  530.4000   1.7640   0.0480   0.0613   0.0076   0.0190   0.0500   0.2310   0.0130   0.0320
    5  536.5000   1.8150   0.0710   0.0717   0.0082   0.0050   0.0510   0.2190   0.0140   0.0330
    6  542.8000   1.8270   0.0780   0.0743   0.0084   0.0010   0.0520   0.2160   0.0150   0.0340
    7  548.7000   1.7890   0.0650   0.0697   0.0080  -0.0050   0.0520   0.2190   0.0140   0.0340
    8  554.5000   1.7340   0.0500   0.0642   0.0077   0.0100   0.0480   0.2270   0.0130   0.0350
    9  560.5000   1.7620   0.0570   0.0675   0.0077  -0.0170   0.0520   0.2190   0.0140   0.0360
   10  566.7000   1.7970   0.0760   0.0755   0.0083  -0.0130   0.0520   0.2120   0.0140   0.0370
   11  572.6000   1.7580   0.0650   0.0721   0.0080  -0.0030   0.0500   0.2170   0.0140   0.0380
   12  578.5000   1.7020   0.0490   0.0649   0.0077  -0.0120   0.0510   0.2230   0.0130   0.0380
   13  584.5000   1.7230   0.0560   0.0684   0.0078  -0.0130   0.0500   0.2180   0.0130   0.0390
   14  590.6000   1.7700   0.0740   0.0762   0.0083  -0.0280   0.0540   0.2080   0.0140   0.0410
   15  596.7000   1.7370   0.0660   0.0738   0.0081  -0.0180   0.0510   0.2120   0.0140   0.0400
   16  602.5000   1.6990   0.0570   0.0701   0.0079  -0.0190   0.0510   0.2160   0.0130   0.0410
   17  608.6000   1.6960   0.0580   0.0709   0.0080  -0.0270   0.0520   0.2130   0.0130   0.0410
   18  614.6000   1.7070   0.0660   0.0747   0.0082  -0.0320   0.0530   0.2100   0.0140   0.0430
   19  620.5000   1.6820   0.0600   0.0724   0.0081  -0.0290   0.0520   0.2120   0.0130   0.0430
   20  626.7000   1.6890   0.0650   0.0751   0.0083  -0.0340   0.0530   0.2090   0.0140   0.0440
   21  632.7000   1.6880   0.0670   0.0760   0.0083  -0.0410   0.0530   0.2070   0.0140   0.0440
   22  638.6000   1.6760   0.0620   0.0742   0.0081  -0.0400   0.0520   0.2080   0.0140   0.0440
   23  644.6000   1.6570   0.0600   0.0735   0.0082  -0.0530   0.0550   0.2080   0.0140   0.0450
   24  650.6000   1.6240   0.0510   0.0697   0.0079  -0.0280   0.0510   0.2130   0.0130   0.0450
   25  656.6000   1.6410   0.0600   0.0743   0.0083  -0.0710   0.0570   0.2050   0.0140   0.0470
   26  662.6000   1.6250   0.0570   0.0730   0.0082  -0.0480   0.0540   0.2080   0.0140   0.0460
   27  668.8000   1.6350   0.0620   0.0755   0.0084  -0.0660   0.0560   0.2030   0.0140   0.0470
   28  674.7000   1.5970   0.0530   0.0713   0.0082  -0.0540   0.0540   0.2090   0.0130   0.0470
   29  680.6000   1.5650   0.0460   0.0683   0.0080  -0.0360   0.0510   0.2140   0.0130   0.0480
   30  686.7000   1.5490   0.0400   0.0655   0.0077  -0.0330   0.0500   0.2170   0.0120   0.0480
   31  692.6000   1.5550   0.0440   0.0674   0.0079  -0.0390   0.0520   0.2140   0.0130   0.0480
   32  698.6000   1.5510   0.0450   0.0686   0.0080  -0.0530   0.0530   0.2110   0.0130   0.0490
   33  704.7000   1.5460   0.0490   0.0710   0.0083  -0.0490   0.0530   0.2100   0.0130   0.0490
   34  710.8000   1.5270   0.0410   0.0665   0.0080  -0.0470   0.0520   0.2140   0.0130   0.0500
   35  716.7000   1.5210   0.0410   0.0667   0.0080  -0.0500   0.0520   0.2130   0.0130   0.0510
   36  722.7000   1.5120   0.0410   0.0673   0.0080  -0.0360   0.0500   0.2140   0.0120   0.0510
   37  728.7000   1.5010   0.0380   0.0649   0.0079  -0.0340   0.0510   0.2160   0.0120   0.0510
   38  734.7000   1.5070   0.0440   0.0686   0.0082  -0.0410   0.0520   0.2120   0.0130   0.0510
   39  740.7000   1.4990   0.0440   0.0689   0.0083  -0.0390   0.0520   0.2130   0.0130   0.0520
   40  746.8000   1.4830   0.0400   0.0666   0.0082  -0.0300   0.0510   0.2150   0.0130   0.0520
   41  752.8000   1.4870   0.0440   0.0692   0.0083  -0.0380   0.0510   0.2120   0.0130   0.0520
   42  758.7000   1.4650   0.0390   0.0666   0.0082  -0.0250   0.0500   0.2170   0.0120   0.0530
   43  764.8000   1.4640   0.0380   0.0661   0.0081  -0.0290   0.0500   0.2160   0.0120   0.0530
   44  770.7000   1.4540   0.0370   0.0655   0.0081  -0.0170   0.0480   0.2180   0.0120   0.0540
   45  776.7000   1.4320   0.0330   0.0625   0.0080   0.0020   0.0460   0.2240   0.0120   0.0540
   46  782.7000   1.4330   0.0360   0.0651   0.0083  -0.0080   0.0480   0.2200   0.0120   0.0540
   47  788.8000   1.4250   0.0330   0.0626   0.0081   0.0080   0.0460   0.2240   0.0120   0.0540
   48  794.7000   1.4350   0.0370   0.0655   0.0083  -0.0120   0.0490   0.2190   0.0120   0.0550
   49  800.7000   1.4190   0.0320   0.0619   0.0080   0.0060   0.0460   0.2240   0.0120   0.0550
   50  806.8000   1.4170   0.0320   0.0618   0.0081   0.0060   0.0460   0.2240   0.0120   0.0550
   51  812.7000   1.4200   0.0320   0.0621   0.0081   0.0060   0.0470   0.2230   0.0120   0.0550
   52  818.7000   1.4220   0.0320   0.0619   0.0081   0.0070   0.0470   0.2240   0.0120   0.0560
   53  824.8000   1.4140   0.0300   0.0592   0.0079   0.0210   0.0450   0.2270   0.0120   0.0560
   54  830.8000   1.4090   0.0290   0.0572   0.0078   0.0260   0.0440   0.2300   0.0110   0.0560
   55  836.8000   1.4130   0.0290   0.0581   0.0079   0.0230   0.0460   0.2280   0.0120   0.0560
   56  842.8000   1.4210   0.0310   0.0599   0.0081   0.0200   0.0470   0.2260   0.0120   0.0560
   57  848.8000   1.4260   0.0380   0.0655   0.0086   0.0220   0.0470   0.2210   0.0130   0.0560
   58  854.6000   1.4080   0.0300   0.0583   0.0081   0.0360   0.0450   0.2300   0.0120   0.0580
   59  860.7000   1.4140   0.0320   0.0600   0.0084   0.0410   0.0460   0.2270   0.0120   0.0560
   60  866.7000   1.4180   0.0330   0.0613   0.0085   0.0290   0.0470   0.2250   0.0120   0.0580
   61  872.7000   1.4150   0.0350   0.0622   0.0088   0.0420   0.0480   0.2250   0.0130   0.0560
   62  878.7000   1.4180   0.0360   0.0630   0.0089   0.0370   0.0490   0.2240   0.0130   0.0570
   63  884.6000   1.4180   0.0330   0.0605   0.0086   0.0450   0.0470   0.2260   0.0130   0.0580
   64  890.7000   1.4250   0.0340   0.0608   0.0088   0.0480   0.0480   0.2260   0.0130   0.0570
   65  896.6000   1.4220   0.0350   0.0607   0.0089   0.0600   0.0480   0.2270   0.0130   0.0570
   66  902.7000   1.4300   0.0330   0.0591   0.0087   0.0560   0.0480   0.2270   0.0130   0.0580
   67  908.7000   1.4140   0.0320   0.0566   0.0086   0.0770   0.0460   0.2330   0.0130   0.0590
   68  914.6000   1.4260   0.0340   0.0594   0.0089   0.0600   0.0480   0.2270   0.0130   0.0580
   69  920.6000   1.4270   0.0330   0.0552   0.0086   0.0830   0.0460   0.2330   0.0130   0.0590
   70  926.6000   1.4160   0.0340   0.0523   0.0084   0.1050   0.0430   0.2390   0.0120   0.0590
   71  932.6000   1.4180   0.0330   0.0553   0.0089   0.0970   0.0460   0.2350   0.0130   0.0600
   72  938.6000   1.4030   0.0340   0.0569   0.0092   0.1100   0.0450   0.2370   0.0130   0.0610
   73  944.6000   1.3980   0.0350   0.0574   0.0095   0.1150   0.0460   0.2370   0.0130   0.0610
   94  955.4000   1.4130   0.0350   0.0534   0.0090   0.1260   0.0440   0.2410   0.0130   0.0620
   95  963.5000   1.3690   0.0350   0.0544   0.0095   0.0910   0.0470   0.2400   0.0130   0.0620
   96  971.4000   1.4070   0.0660   0.0416   0.0083   0.1850   0.0370   0.2630   0.0110   0.0620
   97  979.7000   1.4000   0.0660   0.0416   0.0083   0.1170   0.0430   0.2550   0.0110   0.0630
   98  987.6000   1.4700   0.1240   0.0316   0.0073   0.2500   0.0310   0.2810   0.0090   0.0640
   99  993.7000   1.3770   0.0400   0.0510   0.0095   0.0740   0.0510   0.2380   0.0130   0.0640
  100 1003.6000   1.3880   0.0000   0.0462   0.0000   0.1160   0.0000   0.2470   0.0000   0.0000
  101 1013.1000   1.3990   0.0680   0.0416   0.0085   0.1570   0.0410   0.2560   0.0120   0.0660
  102 1019.5000   1.3780   0.0770   0.0397   0.0085   0.1720   0.0390   0.2630   0.0110   0.0660
  103 1027.7000   1.3440   0.0700   0.0414   0.0089   0.1590   0.0410   0.2600   0.0110   0.0670
  104 1035.5000   1.3510   0.0740   0.0407   0.0089   0.2000   0.0380   0.2640   0.0110   0.0680
  105 1043.6000   1.3350   0.0610   0.0437   0.0091   0.0920   0.0470   0.2490   0.0120   0.0680
  106 1051.7000   1.3350   0.0780   0.0397   0.0088   0.1810   0.0390   0.2630   0.0110   0.0690
  107 1059.7000   1.2970   0.0580   0.0444   0.0094   0.1610   0.0410   0.2560   0.0120   0.0700
  108 1067.8000   1.2750   0.0430   0.0498   0.0101   0.0940   0.0480   0.2440   0.0130   0.0700
  109 1075.8000   1.3080   0.0780   0.0394   0.0086   0.1830   0.0370   0.2620   0.0110   0.0710
  110 1083.6000   1.2560   0.0400   0.0509   0.0101   0.0780   0.0490   0.2400   0.0130   0.0720
  111 1091.8000   1.2520   0.0580   0.0445   0.0096   0.1250   0.0440   0.2510   0.0120   0.0730
  112 1099.7000   1.2590   0.0710   0.0408   0.0089   0.1710   0.0380   0.2600   0.0110   0.0750
  113 1107.7000   1.2570   0.0860   0.0375   0.0085   0.2050   0.0340   0.2680   0.0100   0.0740
  114 1115.9000   1.2120   0.0420   0.0496   0.0099   0.0770   0.0470   0.2420   0.0120   0.0760
  115 1123.8000   1.2410   0.0780   0.0390   0.0088   0.1850   0.0360   0.2620   0.0100   0.0770
  116 1131.8000   1.2100   0.0520   0.0456   0.0094   0.1130   0.0430   0.2480   0.0120   0.0770
  117 1139.7000   1.2090   0.0620   0.0425   0.0090   0.1300   0.0400   0.2520   0.0110   0.0770
  118 1147.8000   1.1870   0.0520   0.0457   0.0095   0.1250   0.0420   0.2490   0.0110   0.0780
  119 1155.7000   1.2030   0.0720   0.0402   0.0089   0.1400   0.0390   0.2560   0.0110   0.0780
  120 1163.8000   1.1640   0.0480   0.0471   0.0098   0.1140   0.0430   0.2460   0.0120   0.0790
  121 1171.8000   1.1940   0.0760   0.0395   0.0089   0.1430   0.0390   0.2560   0.0110   0.0790
  122 1179.8000   1.1510   0.0380   0.0511   0.0102   0.0870   0.0460   0.2400   0.0120   0.0810
  123 1187.8000   1.1570   0.0510   0.0457   0.0095   0.1130   0.0420   0.2470   0.0110   0.0820
  124 1195.8000   1.1310   0.0310   0.0561   0.0109   0.0750   0.0480   0.2350   0.0130   0.0820
  125 1203.9000   1.1310   0.0430   0.0491   0.0102   0.0990   0.0450   0.2430   0.0120   0.0830
  126 1211.9000   1.1270   0.0390   0.0510   0.0103   0.0980   0.0450   0.2400   0.0120   0.0840
  127 1219.8000   1.1160   0.0360   0.0527   0.0107   0.0730   0.0480   0.2370   0.0120   0.0830
  128 1227.9000   1.1060   0.0360   0.0527   0.0107   0.0960   0.0450   0.2390   0.0120   0.0840
  129 1235.9000   1.1100   0.0300   0.0584   0.0115   0.0480   0.0510   0.2280   0.0130   0.0840
  130 1244.0000   1.0900   0.0350   0.0534   0.0112   0.1070   0.0450   0.2420   0.0120   0.0850
  131 1252.0000   1.1030   0.0310   0.0641   0.0124  -0.0060   0.0600   0.2170   0.0150   0.0850
  132 1259.8000   1.0570   0.0340   0.0546   0.0117   0.1450   0.0420   0.2440   0.0120   0.0860
  133 1267.8000   1.0800   0.0300   0.0622   0.0124   0.0390   0.0540   0.2230   0.0140   0.0870
  134 1275.9000   1.0690   0.0300   0.0621   0.0125   0.0740   0.0500   0.2280   0.0140   0.0860
  135 1284.2000   1.0690   0.0300   0.0631   0.0126   0.0540   0.0520   0.2250   0.0140   0.0900
  136 1292.0000   1.0620   0.0530   0.0461   0.0106   0.1560   0.0390   0.2510   0.0110   0.0890
  137 1299.8000   1.0510   0.0300   0.0590   0.0123   0.0660   0.0510   0.2290   0.0140   0.0900
  138 1307.8000   1.0540   0.0320   0.0660   0.0134   0.0410   0.0550   0.2210   0.0150   0.0900
  139 1315.9000   1.0380   0.0300   0.0583   0.0124   0.0900   0.0480   0.2330   0.0130   0.0920
  140 1323.8000   1.0330   0.0300   0.0600   0.0128   0.0650   0.0520   0.2280   0.0140   0.0900
  141 1331.8000   1.0320   0.0300   0.0626   0.0131   0.0500   0.0540   0.2240   0.0140   0.0910
  142 1339.8000   1.0310   0.0300   0.0643   0.0134   0.0400   0.0550   0.2210   0.0150   0.0920
  143 1347.8000   1.0030   0.0300   0.0610   0.0133   0.0910   0.0490   0.2320   0.0140   0.0920
  144 1355.8000   1.0310   0.0370   0.0705   0.0146   0.0110   0.0620   0.2130   0.0160   0.0930
  145 1363.8000   1.0100   0.0330   0.0680   0.0145   0.0470   0.0560   0.2200   0.0150   0.0930
  146 1371.8000   1.0270   0.0410   0.0739   0.0153   0.0020   0.0640   0.2090   0.0170   0.0950
  147 1379.8000   0.9990   0.0320   0.0665   0.0145   0.0520   0.0560   0.2210   0.0150   0.0950
  148 1387.8000   0.9990   0.0320   0.0672   0.0145   0.0320   0.0590   0.2180   0.0160   0.0950
  149 1395.9000   0.9860   0.0320   0.0666   0.0148   0.0560   0.0570   0.2220   0.0150   0.0950
  150 1403.8000   0.9940   0.0390   0.0729   0.0158   0.0370   0.0600   0.2150   0.0160   0.0970
  151 1411.8000   0.9850   0.0370   0.0722   0.0157   0.0320   0.0600   0.2150   0.0160   0.0980
  152 1419.8000   0.9790   0.0360   0.0708   0.0157   0.0430   0.0600   0.2160   0.0160   0.0980
  153 1427.9000   0.9750   0.0360   0.0714   0.0159   0.0180   0.0630   0.2140   0.0160   0.1000
  154 1435.7000   0.9750   0.0430   0.0760   0.0167   0.0530   0.0580   0.2140   0.0170   0.0990
  155 1443.8000   0.9660   0.0360   0.0711   0.0161   0.0340   0.0600   0.2170   0.0160   0.1010
  156 1451.9000   1.0100   0.0480   0.0795   0.0167  -0.0540   0.0780   0.1920   0.0190   0.1020
  157 1459.8000   0.9540   0.0360   0.0714   0.0163   0.0550   0.0580   0.2190   0.0160   0.1010
  158 1467.8000   0.9830   0.0540   0.0825   0.0182   0.0170   0.0660   0.2050   0.0190   0.1040
  159 1475.8000   0.9780   0.0500   0.0808   0.0179  -0.0100   0.0700   0.2030   0.0190   0.1040
  160 1483.9000   0.9590   0.0380   0.0734   0.0166   0.0120   0.0650   0.2090   0.0170   0.1020
  161 1491.8000   0.9900   0.0690   0.0907   0.0202   0.0190   0.0690   0.1990   0.0200   0.1030
  162 1499.8000   0.9760   0.0590   0.0861   0.0193  -0.0110   0.0720   0.1980   0.0200   0.1030
  163 1507.8000   0.9500   0.0460   0.0791   0.0180   0.0320   0.0640   0.2080   0.0180   0.1050
  164 1515.7000   0.9560   0.0570   0.0850   0.0196   0.0180   0.0690   0.2030   0.0190   0.1050
  165 1523.8000   0.9450   0.0480   0.0802   0.0186   0.0100   0.0690   0.2040   0.0190   0.1060
  166 1531.7000   0.9750   0.0770   0.0956   0.0219  -0.0020   0.0740   0.1930   0.0210   0.1070
  167 1539.7000   0.9700   0.0640   0.0890   0.0201  -0.0520   0.0830   0.1890   0.0210   0.1060
  168 1547.7000   0.9540   0.0690   0.0917   0.0214   0.0110   0.0720   0.1970   0.0210   0.1070
  169 1555.5000   0.9570   0.0680   0.0911   0.0212  -0.0050   0.0750   0.1950   0.0210   0.1070
  170 1563.7000   0.9560   0.0670   0.0908   0.0211  -0.0160   0.0760   0.1930   0.0210   0.1070
  171 1571.7000   0.9700   0.0770   0.0959   0.0222  -0.0120   0.0790   0.1880   0.0220   0.1080
  172 1579.6000   0.9710   0.0770   0.0959   0.0221  -0.0160   0.0800   0.1870   0.0220   0.1110
  173 1587.7000   0.9350   0.0560   0.0852   0.0199   0.0090   0.0720   0.1970   0.0200   0.1090
  174 1595.7000   0.9380   0.0570   0.0856   0.0200   0.0240   0.0700   0.1970   0.0200   0.1100
  175 1603.7000   0.9060   0.0380   0.0737   0.0180   0.1060   0.0550   0.2160   0.0170   0.1110
  176 1611.7000   0.9400   0.0510   0.0825   0.0192   0.0310   0.0680   0.1990   0.0190   0.1110
  177 1620.1000   0.9750   0.0740   0.0945   0.0215   0.0310   0.0710   0.1910   0.0220   0.1110
  178 1628.1000   0.9470   0.0550   0.0841   0.0196   0.0690   0.0630   0.2020   0.0190   0.1130
  179 1636.1000   0.9570   0.0530   0.0830   0.0190   0.0510   0.0660   0.1980   0.0190   0.1140
  180 1644.2000   0.9880   0.0720   0.0925   0.0207   0.0330   0.0720   0.1890   0.0220   0.1110
