##pix	wave	b0	h	c	g
1	512.6	1.743	0.0552	0.045	0.241
2	518.4	1.796	0.066	0.002	0.226
3	524.7	1.79	0.0642	0.007	0.228
4	530.4	1.764	0.0613	0.019	0.231
5	536.5	1.815	0.0717	0.005	0.219
6	542.8	1.827	0.0743	0.001	0.216
7	548.7	1.789	0.0697	-0.005	0.219
8	554.5	1.734	0.0642	0.01	0.227
9	560.5	1.762	0.0675	-0.017	0.219
10	566.7	1.797	0.0755	-0.013	0.212
11	572.6	1.758	0.0721	-0.003	0.217
12	578.5	1.702	0.0649	-0.012	0.223
13	584.5	1.723	0.0684	-0.013	0.218
14	590.6	1.77	0.0762	-0.028	0.208
15	596.7	1.737	0.0738	-0.018	0.212
16	602.5	1.699	0.0701	-0.019	0.216
17	608.6	1.696	0.0709	-0.027	0.213
18	614.6	1.707	0.0747	-0.032	0.21
19	620.5	1.682	0.0724	-0.029	0.212
20	626.7	1.689	0.0751	-0.034	0.209
21	632.7	1.688	0.076	-0.041	0.207
22	638.6	1.676	0.0742	-0.04	0.208
23	644.6	1.657	0.0735	-0.053	0.208
24	650.6	1.624	0.0697	-0.028	0.213
25	656.6	1.641	0.0743	-0.071	0.205
26	662.6	1.625	0.073	-0.048	0.208
27	668.8	1.635	0.0755	-0.066	0.203
28	674.7	1.597	0.0713	-0.054	0.209
29	680.6	1.565	0.0683	-0.036	0.214
30	686.7	1.549	0.0655	-0.033	0.217
31	692.6	1.555	0.0674	-0.039	0.214
32	698.6	1.551	0.0686	-0.053	0.211
33	704.7	1.546	0.071	-0.049	0.21
34	710.8	1.527	0.0665	-0.047	0.214
35	716.7	1.521	0.0667	-0.05	0.213
36	722.7	1.512	0.0673	-0.036	0.214
37	728.7	1.501	0.0649	-0.034	0.216
38	734.7	1.507	0.0686	-0.041	0.212
39	740.7	1.499	0.0689	-0.039	0.213
40	746.8	1.483	0.0666	-0.03	0.215
41	752.8	1.487	0.0692	-0.038	0.212
42	758.7	1.465	0.0666	-0.025	0.217
43	764.8	1.464	0.0661	-0.029	0.216
44	770.7	1.454	0.0655	-0.017	0.218
45	776.7	1.432	0.0625	0.002	0.224
46	782.7	1.433	0.0651	-0.008	0.22
47	788.8	1.425	0.0626	0.008	0.224
48	794.7	1.435	0.0655	-0.012	0.219
49	800.7	1.419	0.0619	0.006	0.224
50	806.8	1.417	0.0618	0.006	0.224
51	812.7	1.42	0.0621	0.006	0.223
52	818.7	1.422	0.0619	0.007	0.224
53	824.8	1.414	0.0592	0.021	0.227
54	830.8	1.409	0.0572	0.026	0.23
55	836.8	1.413	0.0581	0.023	0.228
56	842.8	1.421	0.0599	0.02	0.226
57	848.8	1.426	0.0655	0.022	0.221
58	854.6	1.408	0.0583	0.036	0.23
59	860.7	1.414	0.06	0.041	0.227
60	866.7	1.418	0.0613	0.029	0.225
61	872.7	1.415	0.0622	0.042	0.225
62	878.7	1.418	0.063	0.037	0.224
63	884.6	1.418	0.0605	0.045	0.226
64	890.7	1.425	0.0608	0.048	0.226
65	896.6	1.422	0.0607	0.06	0.227
66	902.7	1.43	0.0591	0.056	0.227
67	908.7	1.414	0.0566	0.077	0.233
68	914.6	1.426	0.0594	0.06	0.227
69	920.6	1.427	0.0552	0.083	0.233
70	926.6	1.416	0.0523	0.105	0.239
71	932.6	1.418	0.0553	0.097	0.235
72	938.6	1.403	0.0569	0.11	0.237
73	944.6	1.398	0.0574	0.115	0.237
94	955.4	1.413	0.0534	0.126	0.241
95	963.5	1.369	0.0544	0.091	0.24
96	971.4	1.407	0.0416	0.185	0.263
97	979.7	1.4	0.0416	0.117	0.255
98	987.6	1.47	0.0316	0.25	0.281
99	993.7	1.377	0.051	0.074	0.238
100	1003.6	1.388	0.0462	0.116	0.247
101	1013.1	1.399	0.0416	0.157	0.256
102	1019.5	1.378	0.0397	0.172	0.263
103	1027.7	1.344	0.0414	0.159	0.26
104	1035.5	1.351	0.0407	0.2	0.264
105	1043.6	1.335	0.0437	0.092	0.249
106	1051.7	1.335	0.0397	0.181	0.263
107	1059.7	1.297	0.0444	0.161	0.256
108	1067.8	1.275	0.0498	0.094	0.244
109	1075.8	1.308	0.0394	0.183	0.262
110	1083.6	1.256	0.0509	0.078	0.24
111	1091.8	1.252	0.0445	0.125	0.251
112	1099.7	1.259	0.0408	0.171	0.26
113	1107.7	1.257	0.0375	0.205	0.268
114	1115.9	1.212	0.0496	0.077	0.242
115	1123.8	1.241	0.039	0.185	0.262
116	1131.8	1.21	0.0456	0.113	0.248
117	1139.7	1.209	0.0425	0.13	0.252
118	1147.8	1.187	0.0457	0.125	0.249
119	1155.7	1.203	0.0402	0.14	0.256
120	1163.8	1.164	0.0471	0.114	0.246
121	1171.8	1.194	0.0395	0.143	0.256
122	1179.8	1.151	0.0511	0.087	0.24
123	1187.8	1.157	0.0457	0.113	0.247
124	1195.8	1.131	0.0561	0.075	0.235
125	1203.9	1.131	0.0491	0.099	0.243
126	1211.9	1.127	0.051	0.098	0.24
127	1219.8	1.116	0.0527	0.073	0.237
128	1227.9	1.106	0.0527	0.096	0.239
129	1235.9	1.11	0.0584	0.048	0.228
130	1244	1.09	0.0534	0.107	0.242
131	1252	1.103	0.0641	-0.006	0.217
132	1259.8	1.057	0.0546	0.145	0.244
133	1267.8	1.08	0.0622	0.039	0.223
134	1275.9	1.069	0.0621	0.074	0.228
135	1284.2	1.069	0.0631	0.054	0.225
136	1292	1.062	0.0461	0.156	0.251
137	1299.8	1.051	0.059	0.066	0.229
138	1307.8	1.054	0.066	0.041	0.221
139	1315.9	1.038	0.0583	0.09	0.233
140	1323.8	1.033	0.06	0.065	0.228
141	1331.8	1.032	0.0626	0.05	0.224
142	1339.8	1.031	0.0643	0.04	0.221
143	1347.8	1.003	0.061	0.091	0.232
144	1355.8	1.031	0.0705	0.011	0.213
145	1363.8	1.01	0.068	0.047	0.22
146	1371.8	1.027	0.0739	0.002	0.209
147	1379.8	0.999	0.0665	0.052	0.221
148	1387.8	0.999	0.0672	0.032	0.218
149	1395.9	0.986	0.0666	0.056	0.222
150	1403.8	0.994	0.0729	0.037	0.215
151	1411.8	0.985	0.0722	0.032	0.215
152	1419.8	0.979	0.0708	0.043	0.216
153	1427.9	0.975	0.0714	0.018	0.214
154	1435.7	0.975	0.076	0.053	0.214
155	1443.8	0.966	0.0711	0.034	0.217
156	1451.9	1.01	0.0795	-0.054	0.192
157	1459.8	0.954	0.0714	0.055	0.219
158	1467.8	0.983	0.0825	0.017	0.205
159	1475.8	0.978	0.0808	-0.01	0.203
160	1483.9	0.959	0.0734	0.012	0.209
161	1491.8	0.99	0.0907	0.019	0.199
162	1499.8	0.976	0.0861	-0.011	0.198
163	1507.8	0.95	0.0791	0.032	0.208
164	1515.7	0.956	0.085	0.018	0.203
165	1523.8	0.945	0.0802	0.01	0.204
166	1531.7	0.975	0.0956	-0.002	0.193
167	1539.7	0.97	0.089	-0.052	0.189
168	1547.7	0.954	0.0917	0.011	0.197
169	1555.5	0.957	0.0911	-0.005	0.195
170	1563.7	0.956	0.0908	-0.016	0.193
171	1571.7	0.97	0.0959	-0.012	0.188
172	1579.6	0.971	0.0959	-0.016	0.187
173	1587.7	0.935	0.0852	0.009	0.197
174	1595.7	0.938	0.0856	0.024	0.197
175	1603.7	0.906	0.0737	0.106	0.216
176	1611.7	0.94	0.0825	0.031	0.199
177	1620.1	0.975	0.0945	0.031	0.191
178	1628.1	0.947	0.0841	0.069	0.202
179	1636.1	0.957	0.083	0.051	0.198
180	1644.2	0.988	0.0925	0.033	0.189
186	1709.8	1.09315	0.092549	0.033092	0.182115
187	1717.6	0.96441	0.092549	0.033092	0.195819
188	1725.6	1.10681	0.092549	0.033092	0.170275
189	1733.7	0.99348	0.092549	0.033092	0.183205
190	1742	1.02409	0.092549	0.033092	0.181341
191	1749.7	0.9463	0.092549	0.033092	0.18856
192	1757.7	0.97741	0.092549	0.033092	0.187349
193	1766.3	0.9578	0.092549	0.033092	0.184299
194	1773.6	0.93949	0.092549	0.033092	0.186358
195	1782.2	0.95977	0.092549	0.033092	0.18489
196	1789.8	0.99985	0.092549	0.033092	0.177606
197	1797.6	0.99721	0.092549	0.033092	0.176953
198	1805.8	1.02104	0.092549	0.033092	0.16708
199	1813.7	0.95546	0.092549	0.033092	0.176476
200	1822	0.95749	0.092549	0.033092	0.17887
201	1830	0.9572	0.092549	0.033092	0.178532
202	1837.6	0.93711	0.092549	0.033092	0.180716
203	1845.6	0.95483	0.092549	0.033092	0.175212
204	1853.7	0.94989	0.092549	0.033092	0.179031
205	1861.8	0.95956	0.092549	0.033092	0.177996
206	1870.1	0.9668	0.092549	0.033092	0.177766
207	1877.3	0.95139	0.092549	0.033092	0.179086
208	1885.7	0.97173	0.092549	0.033092	0.173873
209	1893.7	0.93485	0.092549	0.033092	0.178642
210	1901.5	0.89947	0.092549	0.033092	0.179844
211	1910	0.93167	0.092549	0.033092	0.177672
212	1918	1.01137	0.092549	0.033092	0.166783
213	1925.3	0.97438	0.092549	0.033092	0.171239
214	1934.3	0.87164	0.092549	0.033092	0.182869
215	1942	0.7883	0.092549	0.033092	0.196074
216	1948.8	0.91837	0.092549	0.033092	0.178593
217	1957.6	0.95753	0.092549	0.033092	0.172577
218	1965.9	0.99823	0.092549	0.033092	0.163177
219	1973.3	0.89902	0.092549	0.033092	0.177359
220	1981.3	0.96133	0.092549	0.033092	0.160426
221	1989.4	0.95739	0.092549	0.033092	0.161673
222	1997.7	0.98369	0.092549	0.033092	0.15347
223	2005.8	0.96131	0.092549	0.033092	0.159182
224	2013	1.04509	0.092549	0.033092	0.143503
225	2021.5	1.03482	0.092549	0.033092	0.149774
226	2029.3	1.06277	0.092549	0.033092	0.142972
227	2037.4	0.98652	0.092549	0.033092	0.156704
228	2045.8	1.0101	0.092549	0.033092	0.14608
229	2053.3	0.94696	0.092549	0.033092	0.157849
